20
861 695 625
20
10 77 445
958 23 124
398 967 12
23 379 811
714 78 384
59 37 16
13 569 71
113 129 32
688 20 215
158 267 96
823 123 170
353 483 10
964 560 17
75 11 154
21 356 125
10 281 16
760 157 656
13 651 599
888 314 10
474 876 659
686 595 72
20
484 559 115
352 42 892
44 674 953
686 616 366
992 981 409
421 30 197
744 359 16
716 150 327
50 518 235
207 212 177
20 430 588
551 690 970
25 238 408
44 14 140
68 708 337
235 952 283
68 851 120
21 790 505
275 336 987
131 552 16
201 548 847
20
216 624 923
662 104 10
910 123 865
577 48 802
109 200 929
411 12 198
162 13 43
544 150 494
156 746 353
146 25 126
50 42 16
747 210 189
244 40 83
368 16 942
606 203 442
13 908 775
276 35 401
384 559 659
657 43 216
29 210 622
100 100 100
3
10 10 40
10 30 10
10 60 50
601 522 597
20
107 130 377
48 878 702
250 217 15
102 122 80
271 229 510
72 30 15
422 124 414
784 295 10
550 564 649
359 792 57
95 12 248
112 270 247
446 281 64
11 379 328
918 147 824
187 156 112
114 28 482
16 809 83
19 64 123
701 48 25
868 903 789
20
12 103 782
696 535 181
632 98 10
154 74 998
10 240 300
95 10 698
26 196 686
384 930 414
12 163 161
163 38 440
422 15 637
355 25 10
740 26 930
277 740 302
328 129 135
20 714 250
39 730 61
822 578 333
639 23 10
485 16 75
291 999 572
20
514 631 123
688 547 135
822 542 52
95 22 100
25 100 384
28 174 413
37 474 15
702 511 465
10 26 742
616 863 74
815 850 707
364 10 563
48 43 225
725 75 62
991 270 100
26 131 867
168 803 59
289 408 23
70 54 234
459 876 640
812 491 534
20
663 690 103
165 644 334
49 26 10
267 184 231
242 323 171
31 273 777
549 35 588
824 28 53
553 68 206
772 97 64
21 698 558
31 10 849
10 261 792
836 756 11
403 860 794
670 234 13
196 646 532
841 396 370
994 67 441
108 84 243
100 100 100
1
100 100 100
658 874 116
20
201 149 224
18 834 789
41 90 23
28 615 25
435 144 568
777 41 921
129 375 447
256 804 531
439 63 10
223 324 105
54 204 977
669 10 66
23 99 12
132 600 90
302 77 38
354 406 307
328 182 53
14 203 633
914 978 14
300 15 542
788 804 781
20
447 71 70
274 994 525
577 199 427
543 963 263
438 11 11
484 844 38
54 125 371
123 10 217
797 403 18
41 527 163
487 10 171
16 762 912
10 932 68
694 118 222
759 10 22
670 917 553
107 871 413
119 82 410
614 472 670
230 100 99
397 405 835
20
335 775 229
103 640 993
166 43 570
560 10 113
59 73 39
358 11 741
63 342 886
116 284 622
415 788 10
126 100 45
23 606 19
719 107 160
13 328 856
111 51 451
12 32 22
755 620 357
10 685 618
434 49 261
615 10 943
66 535 921
415 542 410
20
22 585 19
99 661 543
173 46 12
10 38 73
74 598 77
46 730 935
49 950 123
523 11 17
747 751 281
691 301 34
374 48 608
968 10 924
400 484 906
11 738 36
298 270 12
238 20 136
314 818 666
345 374 77
472 301 517
101 10 129
861 317 892
20
18 145 886
649 860 629
155 836 119
430 13 420
712 461 982
92 604 10
304 69 68
128 30 814
138 217 726
76 17 255
332 399 820
256 366 30
907 304 186
76 49 439
796 289 273
16 515 355
10 10 223
596 355 758
429 218 10
573 213 10
390 818 745
20
208 14 139
694 107 395
23 987 19
25 786 329
493 104 401
200 122 23
50 386 241
827 128 73
45 961 682
206 366 86
15 71 282
12 293 553
650 454 495
148 385 497
392 968 334
199 387 39
973 51 280
354 11 672
493 127 17
540 308 143
181 750 819
20
60 10 576
303 39 917
158 159 42
16 499 333
115 959 782
841 229 358
142 10 742
181 750 819
53 588 951
668 160 18
10 66 238
865 416 10
374 107 988
149 926 470
59 223 914
11 564 201
23 24 28
10 359 455
818 159 841
132 963 10
410 787 593
20
157 816 309
51 78 20
281 125 720
29 881 205
91 476 664
552 985 252
414 753 58
98 261 469
684 57 494
206 276 570
233 731 655
16 226 814
28 617 242
756 600 176
292 259 708
949 52 312
11 452 87
448 919 291
20 20 20
281 54 17
536 749 776
20
55 10 724
122 264 654
10 980 98
494 242 170
159 814 813
615 278 95
251 298 381
310 43 52
735 913 69
195 29 266
15 324 268
12 831 11
19 148 12
30 323 24
417 186 702
799 890 338
79 615 470
540 62 142
206 132 220
347 15 916
100 100 100
5
40 70 30
30 10 40
20 20 50
10 50 90
40 10 20
425 837 606
20
36 382 976
898 10 596
773 773 287
160 170 135
166 13 340
412 94 139
441 348 778
676 103 850
134 37 244
12 146 165
542 14 623
264 248 10
89 71 18
173 27 452
340 222 227
62 560 446
139 245 48
15 830 769
774 655 30
429 216 92
